name: semibin
channels:
  - conda-forge
  - bioconda
  - defaults
dependencies:
  - _libgcc_mutex=0.1=conda_forge
  - _openmp_mutex=4.5=2_kmp_llvm
  - arpack=3.7.0=hdefa2d7_2
  - bedtools=2.31.0=hf5e1c6e_2
  - blas=2.116=openblas
  - blas-devel=3.9.0=16_linux64_openblas
  - brotli=1.0.9=h166bdaf_8
  - brotli-bin=1.0.9=h166bdaf_8
  - bzip2=1.0.8=h7f98852_4
  - c-ares=1.19.1=hd590300_0
  - ca-certificates=2023.5.7=hbcca054_0
  - certifi=2023.5.7=pyhd8ed1ab_0
  - charset-normalizer=3.1.0=pyhd8ed1ab_0
  - colorama=0.4.6=pyhd8ed1ab_0
  - coloredlogs=15.0.1=pyhd8ed1ab_3
  - filelock=3.12.0=pyhd8ed1ab_0
  - fraggenescan=1.31=h031d066_6
  - gawk=5.1.0=h7f98852_0
  - gettext=0.21.1=h27087fc_0
  - glpk=5.0=h445213a_0
  - gmp=6.2.1=h58526e2_0
  - gmpy2=2.1.2=py311h6a5fa03_1
  - hmmer=3.3.2=hdbdd923_4
  - htslib=1.17=h81da01d_2
  - humanfriendly=10.0=py311h38be061_4
  - icu=72.1=hcb278e6_0
  - idna=3.4=pyhd8ed1ab_0
  - jinja2=3.1.2=pyhd8ed1ab_1
  - joblib=1.2.0=pyhd8ed1ab_0
  - keyutils=1.6.1=h166bdaf_0
  - krb5=1.20.1=h81ceb04_0
  - ld_impl_linux-64=2.40=h41732ed_0
  - libblas=3.9.0=16_linux64_openblas
  - libbrotlicommon=1.0.9=h166bdaf_8
  - libbrotlidec=1.0.9=h166bdaf_8
  - libbrotlienc=1.0.9=h166bdaf_8
  - libcblas=3.9.0=16_linux64_openblas
  - libcurl=8.1.0=h409715c_0
  - libdeflate=1.18=h0b41bf4_0
  - libedit=3.1.20191231=he28a2e2_2
  - libev=4.33=h516909a_1
  - libexpat=2.5.0=hcb278e6_1
  - libffi=3.4.2=h7f98852_5
  - libgcc-ng=12.2.0=h65d4601_19
  - libgfortran-ng=12.2.0=h69a702a_19
  - libgfortran5=12.2.0=h337968e_19
  - libhwloc=2.9.1=hd6dc26d_0
  - libiconv=1.17=h166bdaf_0
  - libidn2=2.3.4=h166bdaf_0
  - liblapack=3.9.0=16_linux64_openblas
  - liblapacke=3.9.0=16_linux64_openblas
  - libnghttp2=1.52.0=h61bc06f_0
  - libnsl=2.0.0=h7f98852_0
  - libopenblas=0.3.21=pthreads_h78a6416_3
  - libprotobuf=3.21.12=h3eb15da_0
  - libsqlite=3.42.0=h2797004_0
  - libssh2=1.10.0=hf14f497_3
  - libstdcxx-ng=12.2.0=h46fd767_19
  - libunistring=0.9.10=h7f98852_0
  - libuuid=2.38.1=h0b41bf4_0
  - libxml2=2.10.4=hfdac1af_0
  - libzlib=1.2.13=h166bdaf_4
  - llvm-openmp=16.0.4=h4dfa4b3_0
  - markupsafe=2.1.2=py311h2582759_0
  - metis=5.1.0=h58526e2_1006
  - mkl=2022.2.1=h84fe81f_16997
  - mmseqs2=13.45111=pl5321hf1761c0_2
  - mpc=1.3.1=hfe3b2da_0
  - mpfr=4.2.0=hb012696_0
  - mpmath=1.3.0=pyhd8ed1ab_0
  - ncurses=6.3=h27087fc_1
  - networkx=3.1=pyhd8ed1ab_0
  - numexpr=2.8.4=py311hde40847_1
  - numpy=1.24.3=py311h64a7726_0
  - openblas=0.3.21=pthreads_h320a7e8_3
  - openssl=3.1.0=hd590300_3
  - packaging=23.1=pyhd8ed1ab_0
  - pandas=2.0.1=py311h320fe9a_1
  - perl=5.32.1=2_h7f98852_perl5
  - pip=23.1.2=pyhd8ed1ab_0
  - platformdirs=3.5.1=pyhd8ed1ab_0
  - pooch=1.7.0=pyha770c72_3
  - prodigal=2.6.3=h031d066_6
  - pysocks=1.7.1=pyha2e5f31_6
  - python=3.11.3=h2755cc3_0_cpython
  - python-dateutil=2.8.2=pyhd8ed1ab_0
  - python-igraph=0.10.4=py311hcb6f00c_0
  - python-tzdata=2023.3=pyhd8ed1ab_0
  - python_abi=3.11=3_cp311
  - pytorch=2.0.0=cpu_py311h410fd25_0
  - pytz=2023.3=pyhd8ed1ab_0
  - pyyaml=6.0=py311hd4cff14_5
  - readline=8.2=h8228510_1
  - requests=2.31.0=pyhd8ed1ab_0
  - samtools=1.17=hd87286a_1
  - scikit-learn=1.2.2=py311h103fc68_1
  - scipy=1.10.1=py311h64a7726_3
  - semibin=1.5.1=pyhdfd78af_0
  - setuptools=67.7.2=pyhd8ed1ab_0
  - six=1.16.0=pyh6c4a22f_0
  - sleef=3.5.1=h9b69904_2
  - suitesparse=5.10.1=h9e50725_1
  - sympy=1.12=pypyh9d50eac_103
  - tbb=2021.9.0=hf52228f_0
  - texttable=1.6.7=pyhd8ed1ab_0
  - threadpoolctl=3.1.0=pyh8a188c0_0
  - tk=8.6.12=h27826a3_0
  - tqdm=4.65.0=pyhd8ed1ab_1
  - typing-extensions=4.5.0=hd8ed1ab_0
  - typing_extensions=4.5.0=pyha770c72_0
  - tzdata=2023c=h71feb2d_0
  - urllib3=2.0.2=pyhd8ed1ab_0
  - wget=1.20.3=ha35d2d1_1
  - wheel=0.40.0=pyhd8ed1ab_0
  - xz=5.2.6=h166bdaf_0
  - yaml=0.2.5=h7f98852_2
  - zlib=1.2.13=h166bdaf_4
  - zstd=1.5.2=h3eb15da_6
prefix: /home/lam4003/bin/anaconda/envs/semibin
